4.000,30,119,65
B0,Hips,-1,0.7854287624359131,0.04535093903541565,-0.6172885894775391,0,0.0973140224814415,0.975860595703125,0.19551539421081543,0,0.6112543344497681,-0.21363422274589539,0.7620556354522705,0,-6.236774444580078,91.43550872802734,111.45075225830078,1
B1,Spine,0,0.9936582446098328,0.11238054931163788,0.003725082380697131,0,-0.11206937581300735,0.9871236085891724,0.11413608491420746,0,0.009149564430117607,-0.11382979154586792,0.9934585094451904,0,-9.999999974752427e-7,11.38477611541748,-0.3575640022754669,1
B2,Spine1,1,0.9946386814117432,0.10043542087078094,-0.024639861658215523,0,-0.09170399606227875,0.9667412638664246,0.2387487143278122,0,0.04779920354485512,-0.2352091521024704,0.9707686305046082,0,0,11.001228332519531,0.01593399979174137,1
B3,Spine2,2,0.996401846408844,0.08124977350234985,-0.024109285324811935,0,-0.07288269698619843,0.9666469097137451,0.24552299082279205,0,0.04325389117002487,-0.2428826242685318,0.9690912365913391,0,0,11.80212116241455,-1.024533987045288,1
B4,Neck,3,0.993319034576416,0.07662264257669449,0.08629065006971359,0,-0.08768602460622787,0.9872661232948303,0.13272888958454132,0,-0.07502178847789764,-0.13940860331058502,0.9873888492584229,0,0,31.637643814086914,-6.288516998291016,1
B5,Head,4,0.9525461792945862,-0.04139526188373566,0.30156660079956055,0,0.14371630549430847,0.9344951510429382,-0.3256751596927643,0,-0.26833105087280273,0.35356056690216064,0.8960986733436584,0,0,15.930154800415039,3.3112568855285645,1
B6,HeadTop_End,5,1,0,0,0,0,1,0,0,0,0,1,0,0,18.718238830566406,7.507894039154053,1
B7,LeftShoulder,3,0.7177529335021973,0.6123532652854919,0.33144113421440125,0,-0.6176376342773438,0.7796902060508728,-0.10298845171928406,0,-0.3214870095252991,-0.1307903677225113,0.9378381967544556,0,7.841245174407959,26.206689834594727,-8.211092948913574,1
B8,LeftArm,7,0.4997650682926178,0.28607815504074097,0.8175535798072815,0,0.5066772699356079,0.6689836978912354,-0.5438190698623657,0,-0.702504575252533,0.6860173344612122,0.1893853396177292,0,15.832416534423828,-6.441033840179443,-1.3537089824676514,1
B9,LeftForeArm,8,0.7818683385848999,0.006439439952373505,0.6234100461006165,0,-0.008417434059083462,0.9999650120735168,0.00022795776021666825,0,-0.6233865022659302,-0.005425744224339724,0.781894862651825,0,22.075607299804688,0.18439100682735443,-1.3487210273742676,1
B10,LeftHand,9,0.9922440648078918,-0.03912956267595291,0.1179848164319992,0,0.057553842663764954,0.9859124422073364,-0.15704680979251862,0,-0.11017753928899765,0.16261929273605347,0.9805180430412292,0,28.159231185913086,-0.00008399999933317304,-0.0000019999999949504854,1
B11,LeftHandMiddle1,10,0.9992340207099915,-0.003437611274421215,0.03898179531097412,0,0.004086487460881472,0.9998540282249451,-0.016578203067183495,0,-0.0389191098511219,0.01672479882836342,0.999101996421814,0,14.956117630004883,-0.0000470000013592653,9.999999974752427e-7,1
B12,LeftHandMiddle2,11,0.5850728154182434,-0.8055711984634399,-0.0935097485780716,0,0.8031778335571289,0.5915353298187256,-0.07064785063266754,0,0.11222628504037857,-0.0337708480656147,0.9931089878082275,0,4.533205032348633,-0.000018000000636675395,0.0000019999999949504854,1
B13,LeftHandMiddle3,12,0.9516270160675049,-0.3048608601093292,-0.03828323632478714,0,0.30441814661026,0.9523859620094299,-0.017047882080078125,0,0.04165767505764961,0.0045691183768212795,0.9991220831871033,0,2.1879329681396484,-0.000009000000318337698,0,1
B14,LeftHandMiddle4,13,1,0,0,0,0,1,0,0,0,0,1,0,3.387779951095581,-0.000012999999853491317,9.999999974752427e-7,1
B15,LeftHandThumb1,10,0.9942229986190796,0.052340056747198105,-0.09370880573987961,0,-0.05108794569969177,0.9985710382461548,0.015713082626461983,0,0.09439730644226074,-0.01083491649478674,0.9954760074615479,0,8.910334587097168,-2.2615609169006348,5.310975074768066,1
B16,LeftHandThumb2,15,0.9979169964790344,-0.0641530379652977,0.006716218777000904,0,0.06345885992050171,0.9950820803642273,0.07606333494186401,0,-0.01156287919729948,-0.07547867298126221,0.9970800876617432,0,3.1829869747161865,-1.8377079963684082,1.837699055671692,1
B17,LeftHandThumb3,16,0.753355860710144,0.07661682367324829,-0.6531341671943665,0,0.007637819740921259,0.9921029806137085,0.1251898556947708,0,0.657568633556366,-0.09930112212896347,0.7468221187591553,0,2.34683895111084,-1.3549569845199585,1.3549460172653198,1
B18,LeftHandThumb4,17,1,0,0,0,0,1,0,0,0,0,1,0,1.690284013748169,-0.9758930206298828,0.9758859872817993,1
B19,LeftHandIndex1,10,0.9636171460151672,-0.19097889959812164,0.1870015561580658,0,0.22163210809230804,0.9619749784469604,-0.15963269770145416,0,-0.149404376745224,0.19527040421962738,0.9693028926849365,0,14.958085060119629,-0.12035000324249268,3.131014108657837,1
B20,LeftHandIndex2,19,0.9354738593101501,-0.3485662043094635,-0.05822218209505081,0,0.3480757474899292,0.9372801184654236,-0.018693991005420685,0,0.06108662486076355,-0.0027779913507401943,0.9981290698051453,0,3.0580480098724365,-0.029241999611258507,-0.040456999093294144,1
B21,LeftHandIndex3,20,0.8059468269348145,-0.5877701640129089,-0.07053487002849579,0,0.5874097943305969,0.8088071942329407,-0.02795308269560337,0,0.07347912341356277,-0.018904181197285652,0.9971179366111755,0,3.359930992126465,-0.03212999925017357,9.999999974752427e-7,1
B22,LeftHandIndex4,21,1,0,0,0,0,1,0,0,0,0,1,0,2.8149430751800537,-0.22099100053310394,-0.04628299921751022,1
B23,LeftHandRing1,10,0.9329801201820374,0.2933488190174103,-0.20855480432510376,0,-0.29620614647865295,0.9549519419670105,0.018122907727956772,0,0.20447617769241333,0.04486691206693649,0.9778429865837097,0,15.115920066833496,0.14191199839115143,-3.5209848880767822,1
B24,LeftHandRing2,23,0.9018869996070862,-0.4286118745803833,-0.05377921089529991,0,0.4278290569782257,0.9034889340400696,-0.025894969701766968,0,0.0596877820789814,0.0003460260049905628,0.998216986656189,0,3.1900479793548584,-0.000009999999747378752,0,1
B25,LeftHandRing3,24,0.8002448678016663,-0.59477299451828,-0.07650924474000931,0,0.5942310094833374,0.8036521077156067,-0.032156817615032196,0,0.08061275631189346,-0.019730817526578903,0.9965500831604004,0,3.463987112045288,-0.000014000000192027073,0.000003000000106112566,1
B26,LeftHandRing4,25,1,0,0,0,0,1,0,0,0,0,1,0,2.1679530143737793,-0.000007000000096013537,0.0000019999999949504854,1
B27,LeftHandPinky1,10,0.9040301442146301,0.08326078951358795,-0.4192828834056854,0,-0.05130722373723984,0.9948920011520386,0.08693945407867432,0,0.42437922954559326,-0.05708356574177742,0.9036830067634583,0,12.756232261657715,-0.19511200487613678,-5.534070014953613,1
B28,LeftHandPinky2,27,0.8910638689994812,-0.45006832480430603,-0.05867588147521019,0,0.44938474893569946,0.8929851055145264,-0.02511710487306118,0,0.06370112299919128,-0.0039871023036539555,0.9979609847068787,0,2.238603115081787,-0.000007000000096013537,0.0000019999999949504854,1
B29,LeftHandPinky3,28,0.5693970322608948,-0.8149968981742859,-0.10755473375320435,0,0.8143740296363831,0.5770748257637024,-0.061476338654756546,0,0.11217015236616135,-0.05258534103631973,0.9922969937324524,0,3.2332561016082764,-0.000011000000085914508,0.0000019999999949504854,1
B30,LeftHandPinky4,29,1,0,0,0,0,1,0,0,0,0,1,0,1.8753509521484375,-0.000007000000096013537,0.0000019999999949504854,1
B31,RightShoulder,3,0.9581015110015869,-0.06138821691274643,0.27977225184440613,0,0.06650169938802719,0.9977471232414246,-0.008812404237687588,0,-0.27860113978385925,0.02704852633178234,0.9600260257720947,0,-7.841245174407959,26.206689834594727,-8.211092948913574,1
B32,RightArm,31,0.11996454745531082,-0.6468064785003662,-0.7531601190567017,0,-0.25400257110595703,0.7133917808532715,-0.6531118154525757,0,0.959735095500946,0.2696548402309418,-0.07870877534151077,0,-15.832416534423828,-6.441033840179443,-1.3537089824676514,1
B33,RightForeArm,32,0.9846627712249756,-0.008194953203201294,-0.1742740124464035,0,0.008366982452571392,0.9999649524688721,0.0002524195297155529,0,0.17426584661006927,-0.0017066958826035261,0.9846968650817871,0,-22.075607299804688,0.18439100682735443,-1.3487210273742676,1
B34,RightHand,33,0.9908114075660706,0.13525298237800598,-0.0005839570658281446,0,-0.13412509858608246,0.983087420463562,0.12470097094774246,0,0.01744023710489273,-0.12347666174173355,0.9921937584877014,0,-28.159231185913086,-0.00008399999933317304,-0.0000019999999949504854,1
B35,RightHandThumb1,34,0.8862468600273132,-0.32397404313087463,-0.33107030391693115,0,0.25488394498825073,0.9378659725189209,-0.23546099662780762,0,0.3867826759815216,0.12429200112819672,0.9137561321258545,0,-8.910334587097168,-2.2615609169006348,5.310975074768066,1
B36,RightHandThumb2,35,0.6984010934829712,-0.2418660819530487,0.6735997796058655,0,0.1122749075293541,0.9665400385856628,0.23064187169075012,0,-0.706845223903656,-0.085452139377594,0.702187716960907,0,-3.1829869747161865,-1.8377079963684082,1.837699055671692,1
B37,RightHandThumb3,36,0.9199010133743286,0.05360231176018715,-0.3884689509868622,0,-0.12912268936634064,0.9767760634422302,-0.17098571360111237,0,0.3702820837497711,0.20745018124580383,0.905458927154541,0,-2.34683895111084,-1.3549569845199585,1.3549460172653198,1
B38,RightHandThumb4,37,1,0,0,0,0,1,0,0,0,0,1,0,-1.690284013748169,-0.9758930206298828,0.9758859872817993,1
B39,RightHandIndex1,34,0.9293070435523987,-0.36657190322875977,0.04488198086619377,0,0.36553409695625305,0.9303219318389893,0.029776964336633682,0,-0.05267001688480377,-0.011266034096479416,0.9985479116439819,0,-14.958085060119629,-0.12035000324249268,3.131014108657837,1
B40,RightHandIndex2,39,0.7074390053749084,0.6996049880981445,0.1004108116030693,0,-0.6984689831733704,0.7137500047683716,-0.051974840462207794,0,-0.10803017765283585,-0.03336483985185623,0.9935879111289978,0,-3.0580480098724365,-0.029241999611258507,-0.040456999093294144,1
B41,RightHandIndex3,40,0.9972640872001648,0.07387569546699524,0.0026919287629425526,0,-0.07386529445648193,0.9972609877586365,-0.0037700780667364597,0,-0.002963071223348379,0.0035609216429293156,0.9999889731407166,0,-3.359930992126465,-0.03212999925017357,9.999999974752427e-7,1
B42,RightHandIndex4,41,1,0,0,0,0,1,0,0,0,0,1,0,-2.8149430751800537,-0.22099100053310394,-0.04628299921751022,1
B43,RightHandMiddle1,34,0.9663439989089966,-0.2512189447879791,0.055398665368556976,0,0.25154706835746765,0.9678449630737305,0.0010829049861058593,0,-0.053889330476522446,0.01288890466094017,0.9984639883041382,0,-14.956117630004883,-0.0000470000013592653,9.999999974752427e-7,1
B44,RightHandMiddle2,43,0.49960821866989136,0.8607208728790283,0.09772786498069763,0,-0.8583021759986877,0.5071118474006653,-0.07845185697078705,0,-0.11708411574363708,-0.04468485713005066,0.9921159744262695,0,-4.533205032348633,-0.000018000000636675395,0.0000019999999949504854,1
B45,RightHandMiddle3,44,0.7109639048576355,0.6977991461753845,0.08721724897623062,0,-0.6967839002609253,0.715762197971344,-0.046665258705616,0,-0.09498976916074753,-0.027594255283474922,0.9950960874557495,0,-2.1879329681396484,-0.000009000000318337698,0,1
B46,RightHandMiddle4,45,1,0,0,0,0,1,0,0,0,0,1,0,-3.387779951095581,-0.000012999999853491317,9.999999974752427e-7,1
B47,RightHandRing1,34,0.954276978969574,0.2673269212245941,0.13376006484031677,0,-0.2642211318016052,0.9635990262031555,-0.04078809171915054,0,-0.13979485630989075,0.0035809047985821962,0.9901739954948425,0,-15.115920066833496,0.14191199839115143,-3.5209848880767822,1
B48,RightHandRing2,47,0.9932530522346497,0.11488499492406845,0.01583605445921421,0,-0.11466100811958313,0.9933000206947327,-0.014389934949576855,0,-0.017383139580488205,0.012477066367864609,0.999770998954773,0,-3.1900479793548584,-0.000009999999747378752,0,1
B49,RightHandRing3,48,0.9951050281524658,0.09797800332307816,0.01289369910955429,0,-0.09788800776004791,0.995169997215271,-0.007439278066158295,0,-0.013560300692915916,0.006140721496194601,0.9998890161514282,0,-3.463987112045288,-0.000014000000192027073,0.000003000000106112566,1
B50,RightHandRing4,49,1,0,0,0,0,1,0,0,0,0,1,0,-2.1679530143737793,-0.000007000000096013537,0.0000019999999949504854,1
B51,RightHandPinky1,34,0.8606399893760681,0.4843410849571228,0.15720167756080627,0,-0.47828397154808044,0.8748329877853394,-0.07689023017883301,0,-0.17476633191108704,-0.009012228809297085,0.9845689535140991,0,-12.756232261657715,-0.19511200487613678,-5.534070014953613,1
B52,RightHandPinky2,51,0.5581099390983582,0.8230769634246826,0.10515033453702927,0,-0.8217839002609253,0.565820038318634,-0.06721535325050354,0,-0.11481966823339462,-0.04889734461903572,0.9921820759773254,0,-2.238603115081787,-0.000007000000096013537,0.0000019999999949504854,1
B53,RightHandPinky3,52,0.7275140285491943,0.6801831126213074,0.08986366540193558,0,-0.6796669363975525,0.7323750853538513,-0.04097180441021919,0,-0.09368222206830978,-0.031269803643226624,0.9951109886169434,0,-3.2332561016082764,-0.000011000000085914508,0.0000019999999949504854,1
B54,RightHandPinky4,53,1,0,0,0,0,1,0,0,0,0,1,0,-1.8753509521484375,-0.000007000000096013537,0.0000019999999949504854,1
B55,LeftUpLeg,0,0.8976196646690369,0.3851964771747589,-0.2142486274242401,0,-0.42188718914985657,0.8915881514549255,-0.16456396877765656,0,0.12763215601444244,0.23810476064682007,0.9628171920776367,0,11.569609642028809,-8.17413330078125,1.1669620275497437,1
B56,LeftLeg,55,0.980877697467804,0.11785010248422623,0.15489110350608826,0,-0.15199674665927887,0.9609023928642273,0.23143857717514038,0,-0.12156008929014206,-0.25055569410324097,0.9604398608207703,0,0.03919000178575516,-41.21925735473633,0.18766899406909943,1
B57,LeftFoot,56,0.923973023891449,-0.37616798281669617,0.0690748542547226,0,0.3821077048778534,0.9156716465950012,-0.12465981394052505,0,-0.016356850042939186,0.14157627522945404,0.9897921681404114,0,-0.026417000219225883,-41.41990280151367,-2.8152780532836914,1
B58,LeftToeBase,57,1,0,0,0,0,0.983617901802063,-0.18026721477508545,0,0,0.18026721477508545,0.983617901802063,0,0.24417400360107422,-9.691152572631836,11.83679485321045,1
B59,LeftToe_End,58,1,0,0,0,0,1,0,0,0,0,1,0,1.44343900680542,0.2108220010995865,9.304070472717285,1
B60,RightUpLeg,0,0.9307084083557129,-0.08099976927042007,0.35668110847473145,0,0.33025825023651123,0.6052172780036926,-0.724321186542511,0,-0.1571996659040451,0.7919282913208008,0.5900313854217529,0,-11.569609642028809,-8.174135208129883,1.1669620275497437,1
B61,RightLeg,60,0.9904874563217163,0.03598971664905548,0.13281594216823578,0,-0.13141746819019318,0.5335938334465027,0.8354679346084595,0,-0.04080149158835411,-0.8449744582176208,0.5332474112510681,0,-0.026409000158309937,-41.21926498413086,0.1882990002632141,1
B62,RightFoot,61,0.9999960064888,-0.001205017906613648,-0.002738426672294736,0,0.00033807556610554457,0.9549514651298523,-0.2967614233493805,0,0.002972666872665286,0.2967592775821686,0.9549479484558105,0,0.0393109992146492,-41.41984939575195,-2.8159079551696777,1
B63,RightToeBase,62,1,0,0,0,0,1,-0.000006408620720321778,0,0,0.000006408620720321778,1,0,-0.24417400360107422,-9.691152572631836,11.836795806884766,1
B64,RightToe_End,63,1,0,0,0,0,1,0,0,0,0,1,0,-1.44343900680542,0.2108220010995865,9.304070472717285,1
@52,0,1,2,3,4,5,7,8,9,10,11,12,13,15,16,17,19,20,21,23,24,25,27,28,29,31,32,33,34,35,36,37,39,40,41,43,44,45,47,48,49,51,52,53,55,56,57,58,60,61,62,63
K0,0.9186879992485046,0.005738763604313135,-0.394942969083786,0,0.024704763665795326,0.9971020221710205,0.07195495069026947,0,0.3942110240459442,-0.07586105912923813,0.9158830642700195,0,-0.8837500214576721,96.73686218261719,-3.4678099155426025,1,0.9965749979019165,0.07111793011426926,0.042193081229925156,0,-0.07405807822942734,0.9945949912071228,0.07278178632259369,0,-0.03678892180323601,-0.07565721869468689,0.9964550137519836,0,0,11.38477611541748,-0.3575640022754669,1,0.9923880100250244,0.10049805045127869,0.07117265462875366,0,-0.11011794954538345,0.9829110503196716,0.14751574397087097,0,-0.055131349712610245,-0.1542302668094635,0.9864959716796875,0,0,11.001228332519531,0.01593399979174137,1,0.9928579926490784,0.09519204497337341,0.07191278040409088,0,-0.1051589623093605,0.9829710125923157,0.15069499611854553,0,-0.05634321644902229,-0.1571809947490692,0.9859610199928284,0,0,11.80212116241455,-1.024533987045288,1,0.9975050091743469,0.030632879585027695,0.06359900534152985,0,-0.0436331182718277,0.9757790565490723,0.21436390280723572,0,-0.055491987615823746,-0.216604083776474,0.97468101978302,0,0,31.637643814086914,-6.288516998291016,1,0.9539030194282532,-0.2477550357580185,0.16937008500099182,0,0.2768380045890808,0.9443219900131226,-0.1778123378753662,0,-0.11588592082262039,0.21650367975234985,0.9693790674209595,0,0,15.930154800415039,3.3112568855285645,1,0.824582040309906,0.41473203897476196,0.3847869038581848,0,-0.4249359965324402,0.9030489921569824,-0.06270687282085419,0,-0.3734881281852722,-0.11180288344621658,0.9208729267120361,0,7.841245174407959,26.206689834594727,-8.211092948913574,1,0.45365193486213684,0.23764385282993317,0.8589091300964355,0,0.5244778990745544,0.7080119848251343,-0.47290822863578796,0,-0.7205020189285278,0.665014922618866,0.19655217230319977,0,15.832416534423828,-6.441033840179443,-1.3537089824676514,1,0.9477390050888062,0.007867017760872841,0.31894901394844055,0,-0.008383980952203274,0.9999650716781616,0.0002479474642314017,0,-0.31893599033355713,-0.002909052651375532,0.9477720856666565,0,22.075607299804688,0.18439100682735443,-1.3487210273742676,1,0.9905360341072083,-0.06867263466119766,0.11883793026208878,0,0.08713436871767044,0.9836049675941467,-0.15788719058036804,0,-0.10604706406593323,0.1667478382587433,0.9802800416946411,0,28.159231185913086,-0.00008399999933317304,-0.0000019999999949504854,1,0.9992340207099915,-0.0034380615688860416,0.0389818474650383,0,0.004086938686668873,0.9998540282249451,-0.01657819375395775,0,-0.038919154554605484,0.016724808141589165,0.999101996421814,0,14.956117630004883,-0.0000470000013592653,0,1,0.5850731134414673,-0.8055709004402161,-0.0935097485780716,0,0.803178071975708,0.5915359854698181,-0.07064784318208694,0,0.11222625523805618,-0.033770836889743805,0.9931089878082275,0,4.533205032348633,-0.000018000000636675395,0.0000019999999949504854,1,0.9516270756721497,-0.3048608601093292,-0.03828278183937073,0,0.30441814661026,0.9523859620094299,-0.017047811299562454,0,0.0416572168469429,0.004569188691675663,0.9991219639778137,0,2.1879329681396484,-0.000009000000318337698,0,1,0.9942229986190796,0.052340056747198105,-0.09370875358581543,0,-0.05108794569969177,0.9985710382461548,0.015713082626461983,0,0.09439725428819656,-0.010834917426109314,0.9954760074615479,0,8.910334587097168,-2.2615609169006348,5.310975074768066,1,0.9979169964790344,-0.06415259093046188,0.0067161861807107925,0,0.0634584128856659,0.9950819611549377,0.07606332749128342,0,-0.011562813073396683,-0.07547867298126221,0.9970800876617432,0,3.1829869747161865,-1.8377079963684082,1.837699055671692,1,0.7533559799194336,0.0766163095831871,-0.6531339287757874,0,0.007638311013579369,0.9921029806137085,0.12518969178199768,0,0.6575680375099182,-0.0993013009428978,0.7468218803405762,0,2.34683895111084,-1.3549569845199585,1.3549460172653198,1,0.9636171460151672,-0.19097885489463806,0.18700163066387177,0,0.22163215279579163,0.9619749188423157,-0.1596331149339676,0,-0.1494043916463852,0.19527088105678558,0.9693030118942261,0,14.958085060119629,-0.12035000324249268,3.131014108657837,1,0.9354739189147949,-0.3485662043094635,-0.05822177976369858,0,0.3480757474899292,0.9372801184654236,-0.018693918362259865,0,0.06108621135354042,-0.0027779184747487307,0.9981290102005005,0,3.0580480098724365,-0.029241999611258507,-0.040456999093294144,1,0.8059468269348145,-0.5877701044082642,-0.07053501904010773,0,0.5874098539352417,0.8088071942329407,-0.027952631935477257,0,0.07347898185253143,-0.018904633820056915,0.9971180558204651,0,3.359930992126465,-0.03212999925017357,0,1,0.932979941368103,0.2933482825756073,-0.20855478942394257,0,-0.29620569944381714,0.9549521207809448,0.01812286116182804,0,0.2044762223958969,0.04486686736345291,0.9778429865837097,0,15.115920066833496,0.14191199839115143,-3.5209848880767822,1,0.9018868207931519,-0.42861130833625793,-0.053779203444719315,0,0.4278286397457123,0.9034891128540039,-0.02589496038854122,0,0.059687789529561996,0.0003460381703916937,0.998216986656189,0,3.1900479793548584,-0.000009999999747378752,0,1,0.8002448678016663,-0.59477299451828,-0.07650924474000931,0,0.5942310094833374,0.8036521077156067,-0.032156817615032196,0,0.08061275631189346,-0.019730817526578903,0.9965500831604004,0,3.463987112045288,-0.000014000000192027073,0.000003000000106112566,1,0.9040300250053406,0.08326027542352676,-0.41928282380104065,0,-0.051306724548339844,0.9948920011520386,0.08693933486938477,0,0.4243791699409485,-0.057083673775196075,0.9036829471588135,0,12.756232261657715,-0.19511200487613678,-5.534070014953613,1,0.8910638689994812,-0.45006832480430603,-0.05867588147521019,0,0.44938474893569946,0.8929851055145264,-0.02511710487306118,0,0.06370112299919128,-0.0039871023036539555,0.9979609847068787,0,2.238603115081787,-0.000007000000096013537,0.0000019999999949504854,1,0.5693970322608948,-0.8149970173835754,-0.10755429416894913,0,0.8143741488456726,0.5770747661590576,-0.06147611141204834,0,0.11216971278190613,-0.052585113793611526,0.9922970533370972,0,3.2332561016082764,-0.000011000000085914508,0.0000019999999949504854,1,0.9630970358848572,-0.02214808575809002,0.2682407796382904,0,0.026956913992762566,0.9995350241661072,-0.014257095754146576,0,-0.2678002119064331,0.020961903035640717,0.9632459282875061,0,-7.841245174407959,26.206689834594727,-8.211092948913574,1,-0.15516731142997742,-0.43667539954185486,-0.8861362934112549,0,-0.2638953626155853,0.8827264308929443,-0.38878557085990906,0,0.9519891142845154,0.17352049052715302,-0.2522069215774536,0,-15.832416534423828,-6.441033840179443,-1.3537089824676514,1,0.9561449289321899,-0.007940406911075115,-0.292787104845047,0,0.008380591869354248,0.9999649524688721,0.0002490972401574254,0,0.29277491569519043,-0.002691902918741107,0.9561781287193298,0,-22.075607299804688,0.18439100682735443,-1.3487210273742676,1,0.9383839964866638,0.3211580514907837,0.12764477729797363,0,-0.3385668992996216,0.9284049272537231,0.1530892252922058,0,-0.06934022158384323,-0.18687279522418976,0.97993403673172,0,-28.159231185913086,-0.00008399999933317304,-0.0000019999999949504854,1,0.8862468600273132,-0.32397404313087463,-0.33107030391693115,0,0.25488394498825073,0.9378659725189209,-0.23546099662780762,0,0.3867826759815216,0.12429200112819672,0.9137561321258545,0,-8.910334587097168,-2.2615609169006348,5.310975074768066,1,0.6984010934829712,-0.2418660819530487,0.6735997796058655,0,0.1122749075293541,0.9665400385856628,0.23064187169075012,0,-0.706845223903656,-0.085452139377594,0.702187716960907,0,-3.1829869747161865,-1.8377079963684082,1.837699055671692,1,0.9199010133743286,0.053602300584316254,-0.3884689509868622,0,-0.12912270426750183,0.9767760634422302,-0.17098575830459595,0,0.3702820837497711,0.20745022594928741,0.905458927154541,0,-2.34683895111084,-1.3549569845199585,1.3549460172653198,1,0.9293070435523987,-0.36657190322875977,0.04488198086619377,0,0.36553409695625305,0.9303219318389893,0.029776964336633682,0,-0.05267001688480377,-0.011266034096479416,0.9985479116439819,0,-14.958085060119629,-0.12035000324249268,3.131014108657837,1,0.7074398398399353,0.6996052265167236,0.10040965676307678,0,-0.698468804359436,0.7137501835823059,-0.05197490006685257,0,-0.10802934318780899,-0.03336390107870102,0.9935879111289978,0,-3.0580480098724365,-0.029241999611258507,-0.040456999093294144,1,0.9972640872001648,0.07387569546699524,0.0026919287629425526,0,-0.07386529445648193,0.9972609877586365,-0.0037700780667364597,0,-0.002963071223348379,0.0035609216429293156,0.9999889731407166,0,-3.359930992126465,-0.03212999925017357,0,1,0.9663440585136414,-0.2512189447879791,0.055398162454366684,0,0.25154706835746765,0.9678449630737305,0.0010828408412635326,0,-0.05388882756233215,0.012888840399682522,0.9984639883041382,0,-14.956117630004883,-0.0000470000013592653,0,1,0.49960803985595703,0.8607209920883179,0.09772788733243942,0,-0.8583029508590698,0.5071120858192444,-0.07845190912485123,0,-0.11708410829305649,-0.04468490555882454,0.9921159744262695,0,-4.533205032348633,-0.000018000000636675395,0.0000019999999949504854,1,0.7109639048576355,0.6977991461753845,0.08721724897623062,0,-0.6967839002609253,0.715762197971344,-0.046665258705616,0,-0.09498976916074753,-0.027594255283474922,0.9950960874557495,0,-2.1879329681396484,-0.000009000000318337698,0,1,0.9542770385742188,0.26732689142227173,0.13375963270664215,0,-0.26422110199928284,0.9635990262031555,-0.04078803211450577,0,-0.13979440927505493,0.0035809678956866264,0.9901739358901978,0,-15.115920066833496,0.14191199839115143,-3.5209848880767822,1,0.9932530522346497,0.11488499492406845,0.0158359557390213,0,-0.11466100811958313,0.9933000206947327,-0.014389929361641407,0,-0.017383040860295296,0.012477071955800056,0.999770998954773,0,-3.1900479793548584,-0.000009999999747378752,0,1,0.9951050281524658,0.09797800332307816,0.01289369910955429,0,-0.09788800776004791,0.995169997215271,-0.007439278066158295,0,-0.013560300692915916,0.006140721496194601,0.9998890161514282,0,-3.463987112045288,-0.000014000000192027073,0.000003000000106112566,1,0.8606399297714233,0.4843410551548004,0.15720215439796448,0,-0.47828391194343567,0.8748329877853394,-0.07689035683870316,0,-0.17476685345172882,-0.009012356400489807,0.9845690727233887,0,-12.756232261657715,-0.19511200487613678,-5.534070014953613,1,0.5581099390983582,0.8230770826339722,0.10515084117650986,0,-0.8217839002609253,0.565820038318634,-0.06721560657024384,0,-0.11482015997171402,-0.04889760538935661,0.9921820163726807,0,-2.238603115081787,-0.000007000000096013537,0.0000019999999949504854,1,0.7275129556655884,0.6801829934120178,0.08986318111419678,0,-0.6796679496765137,0.7323750853538513,-0.04097169265151024,0,-0.09368180483579636,-0.03126969188451767,0.9951109886169434,0,-3.2332561016082764,-0.000011000000085914508,0.0000019999999949504854,1,0.971458911895752,0.13479524850845337,-0.195186048746109,0,-0.20912973582744598,0.8750298023223877,-0.4365633726119995,0,0.1119469404220581,0.46492257714271545,0.8782451748847961,0,11.569609642028809,-8.17413330078125,1.1669620275497437,1,0.9864211082458496,-0.05619709566235542,0.154323548078537,0,-0.061121098697185516,0.7465360164642334,0.6625320315361023,0,-0.15244045853614807,-0.6629679203033447,0.7329639196395874,0,0.03919000178575516,-41.21925735473633,0.18766899406909943,1,0.9835460186004639,-0.12684381008148193,0.1286369264125824,0,0.15518517792224884,0.9577541351318359,-0.24212780594825745,0,-0.09249007701873779,0.25810620188713074,0.9616788625717163,0,-0.026417000219225883,-41.41990280151367,-2.8152780532836914,1,1,0,0,0,0,0.9908599853515625,-0.13489100337028503,0,0,0.13489100337028503,0.9908599853515625,0,0.24417400360107422,-9.691152572631836,11.83679485321045,1,0.9897090792655945,-0.0015156916342675686,0.143087700009346,0,0.04676530510187149,0.9484628438949585,-0.3134194612503052,0,-0.13523830473423004,0.3168855905532837,0.9387730956077576,0,-11.569609642028809,-8.174135208129883,1.1669620275497437,1,0.9997270107269287,0.02180311270058155,-0.008343632332980633,0,-0.011062883771955967,0.757189929485321,0.6531011462211609,0,0.02055736631155014,-0.6528310179710388,0.7572249174118042,0,-0.026409000158309937,-41.21926498413086,0.1882990002632141,1,0.9999210238456726,-0.011856775730848312,0.00407326128333807,0,0.012424224987626076,0.893704891204834,-0.44848230481147766,0,0.001677261316217482,0.4484977126121521,0.8937820792198181,0,0.0393109992146492,-41.41984939575195,-2.8159079551696777,1,1,0,0,0,0,1,0,0,0,0,1,0,-0.24417400360107422,-9.691152572631836,11.836795806884766,1
