4.200,30,125,65
B0,Hips,-1,0.993494987487793,-0.02676977403461933,0.11068105697631836,0,0.008876211009919643,0.9872229695320129,0.15909917652606964,0,-0.11352597922086716,-0.15708187222480774,0.9810390472412109,0,0.16204099357128143,102.4388427734375,-4.235184192657471,1
B1,Spine,0,0.9996640086174011,0.008897067047655582,0.02434326335787773,0,-0.008670932613313198,0.9999179840087891,-0.009379112161695957,0,-0.024424735456705093,0.009164889343082905,0.9996600151062012,0,-9.999999974752427e-7,11.38477611541748,-0.3575640022754669,1
B2,Spine1,1,0.9998059868812561,0.0056051635183393955,0.018865151330828667,0,-0.005311836954206228,0.9998649954795837,-0.015563111752271652,0,-0.01894984394311905,0.015459886752068996,0.9997010231018066,0,0,11.001228332519531,0.01593399979174137,1
B3,Spine2,2,0.9998100399971008,0.005855657160282135,0.018575632944703102,0,-0.005566342733800411,0.9998629689216614,-0.015588678419589996,0,-0.018664374947547913,0.015482323244214058,0.9997059106826782,0,0,11.80212116241455,-1.024533987045288,1
B4,Neck,3,0.9990450739860535,-0.026433929800987244,-0.03479800745844841,0,0.02513006702065468,0.9989850521087646,-0.03738809749484062,0,0.035750988870859146,0.03647790476679802,0.9986950159072876,0,0,31.637643814086914,-6.288516998291016,1
B5,Head,4,0.9910390377044678,-0.018814101815223694,-0.13223792612552643,0,0.02162790298461914,0.9995689988136292,0.019874034449458122,0,0.13180705904960632,-0.02255597710609436,0.9910189509391785,0,0,15.930154800415039,3.3112568855285645,1
B6,HeadTop_End,5,1,0,0,0,0,1,0,0,0,0,1,0,0,18.718238830566406,7.507894039154053,1
B7,LeftShoulder,3,0.9844979643821716,-0.15024197101593018,0.09050635993480682,0,0.14638802409172058,0.9880689978599548,0.047849927097558975,0,-0.09661564975976944,-0.03385912626981735,0.9947460293769836,0,7.841245174407959,26.206689834594727,-8.211092948913574,1
B8,LeftArm,7,0.4237620532512665,-0.8971889615058899,0.12440794706344604,0,0.5052859783172607,0.3481478691101074,0.789607048034668,0,-0.7517390847206116,-0.2717438340187073,0.6008688807487488,0,15.832416534423828,-6.441033840179443,-1.3537089824676514,1
B9,LeftForeArm,8,0.8877570033073425,0.007345803547650576,0.46025410294532776,0,-0.008399032056331635,0.9999650716781616,0.00024063348246272653,0,-0.46023592352867126,-0.0040793102234601974,0.8877869844436646,0,22.075607299804688,0.18439100682735443,-1.3487210273742676,1
B10,LeftHand,9,0.9984350204467773,-0.04623338207602501,0.03145796060562134,0,0.055920712649822235,0.8248308897018433,-0.5626072287559509,0,0.00006373494397848845,0.5634857416152954,0.8261252045631409,0,28.159231185913086,-0.00008399999933317304,-0.0000019999999949504854,1
B11,LeftHandMiddle1,10,0.9753950238227844,0.21888203918933868,0.026385048404335976,0,-0.21888194978237152,0.9757469892501831,-0.002923071850091219,0,-0.026384934782981873,-0.002924060681834817,0.9996479153633118,0,14.956117630004883,-0.0000470000013592653,9.999999974752427e-7,1
B12,LeftHandMiddle2,11,0.9176710247993469,-0.3944860100746155,-0.04755200818181038,0,0.3944859802722931,0.9188500046730042,-0.009781969711184502,0,0.04755200445652008,-0.009781968779861927,0.998820960521698,0,4.533205032348633,-0.000018000000636675395,0.0000019999999949504854,1
B13,LeftHandMiddle3,12,0.9792299866676331,-0.20129604637622833,-0.02426501177251339,0,0.20129594206809998,0.9795269966125488,-0.002467852784320712,0,0.024265019223093987,-0.002467854879796505,0.9997029900550842,0,2.1879329681396484,-0.000009000000318337698,0,1
B14,LeftHandMiddle4,13,1,0,0,0,0,1,0,0,0,0,1,0,3.387779951095581,-0.000012999999853491317,9.999999974752427e-7,1
B15,LeftHandThumb1,10,0.9039000272750854,0.2601030468940735,0.33957594633102417,0,-0.19298988580703735,0.956468939781189,-0.2189110368490219,0,-0.3817330300807953,0.13233889639377594,0.914749026298523,0,8.910334587097168,-2.2615609169006348,5.310975074768066,1
B16,LeftHandThumb2,15,0.7075109481811523,0.2572176158428192,-0.6582302451133728,0,-0.00916824210435152,0.9346739053726196,0.3553893268108368,0,0.7066428661346436,-0.24540697038173676,0.6636500954627991,0,3.1829869747161865,-1.8377079963684082,1.837699055671692,1
B17,LeftHandThumb3,16,0.936173141002655,0.11486376076936722,-0.33224591612815857,0,-0.06874211877584457,0.9866819381713867,0.14741933345794678,0,0.34475409984588623,-0.11517070978879929,0.9316009283065796,0,2.34683895111084,-1.3549569845199585,1.3549460172653198,1
B18,LeftHandThumb4,17,1,0,0,0,0,1,0,0,0,0,1,0,1.690284013748169,-0.9758930206298828,0.9758859872817993,1
B19,LeftHandIndex1,10,0.9728899598121643,0.2278580218553543,0.03955811634659767,0,-0.22791098058223724,0.9736769795417786,-0.003230665111914277,0,-0.03925296291708946,-0.0058726477436721325,0.9992120265960693,0,14.958085060119629,-0.12035000324249268,3.131014108657837,1
B20,LeftHandIndex2,19,0.9170728921890259,-0.39421024918556213,-0.05978609621524811,0,0.3940827250480652,0.9189621210098267,-0.014412960037589073,0,0.060622915625572205,-0.01034293882548809,0.9981070160865784,0,3.0580480098724365,-0.029241999611258507,-0.040456999093294144,1
B21,LeftHandIndex3,20,0.9910159707069397,-0.13350799679756165,-0.007983204908668995,0,0.13350199162960052,0.9910479784011841,-0.0012811563210561872,0,0.00808277539908886,0.00020387240510899574,0.9999669790267944,0,3.359930992126465,-0.03212999925017357,9.999999974752427e-7,1
B22,LeftHandIndex4,21,1,0,0,0,0,1,0,0,0,0,1,0,2.8149430751800537,-0.22099100053310394,-0.04628299921751022,1
B23,LeftHandRing1,10,0.9754570126533508,0.2186090648174286,0.026351990178227425,0,-0.21860894560813904,0.9758080244064331,-0.0029161758720874786,0,-0.026351967826485634,-0.0029161747079342604,0.9996479749679565,0,15.115920066833496,0.14191199839115143,-3.5209848880767822,1
B24,LeftHandRing2,23,0.9177820682525635,-0.394229918718338,-0.047521065920591354,0,0.39423009753227234,0.9189599752426147,-0.009768699295818806,0,0.04752105847001076,-0.009768694639205933,0.9988219738006592,0,3.1900479793548584,-0.000009999999747378752,0,1
B25,LeftHandRing3,24,0.9792299866676331,-0.20129604637622833,-0.02426501177251339,0,0.20129594206809998,0.9795269966125488,-0.002467852784320712,0,0.024265019223093987,-0.002467854879796505,0.9997029900550842,0,3.463987112045288,-0.000014000000192027073,0.000003000000106112566,1
B26,LeftHandRing4,25,1,0,0,0,0,1,0,0,0,0,1,0,2.1679530143737793,-0.000007000000096013537,0.0000019999999949504854,1
B27,LeftHandPinky1,10,0.9728970527648926,0.22693294286727905,-0.04441855475306511,0,-0.22727909684181213,0.9738260507583618,-0.0028357738628983498,0,0.04261238873004913,0.012854318134486675,0.9990090131759644,0,12.756232261657715,-0.19511200487613678,-5.534070014953613,1
B28,LeftHandPinky2,27,0.9153051972389221,-0.4023866057395935,0.017362890765070915,0,0.4020863473415375,0.9154168367385864,0.018417591229081154,0,-0.023305274546146393,-0.00987633503973484,0.9996799826622009,0,2.238603115081787,-0.000007000000096013537,0.0000019999999949504854,1
B29,LeftHandPinky3,28,0.9792299866676331,-0.20129604637622833,-0.02426501177251339,0,0.20129594206809998,0.9795269966125488,-0.002467852784320712,0,0.024265019223093987,-0.002467854879796505,0.9997029900550842,0,3.2332561016082764,-0.000011000000085914508,0.0000019999999949504854,1
B30,LeftHandPinky4,29,1,0,0,0,0,1,0,0,0,0,1,0,1.8753509521484375,-0.000007000000096013537,0.0000019999999949504854,1
B31,RightShoulder,3,0.9867780804634094,0.1594056487083435,-0.02929791621863842,0,-0.1583663374185562,0.9867630004882812,0.03492328152060509,0,0.03447704762220383,-0.029821710661053658,0.998960018157959,0,-7.841245174407959,26.206689834594727,-8.211092948913574,1
B32,RightArm,31,0.37532901763916016,0.9071140885353088,-0.19045409560203552,0,-0.574679970741272,0.38895687460899353,0.7200380563735962,0,0.7272350192070007,-0.16080103814601898,0.6672869920730591,0,-15.832416534423828,-6.441033840179443,-1.3537089824676514,1
B33,RightForeArm,32,0.9294670820236206,-0.007706918753683567,-0.36882492899894714,0,0.00838894210755825,0.9999650120735168,0.00024563560145907104,0,0.3688100576400757,-0.0033223603386431932,0.9294989705085754,0,-22.075607299804688,0.18439100682735443,-1.3487210273742676,1
B34,RightHand,33,0.9510418772697449,-0.30217528343200684,0.06488434970378876,0,0.22160544991493225,0.5203849077224731,-0.8246761560440063,0,0.2154318243265152,0.7986798286437988,0.5618712902069092,0,-28.159231185913086,-0.00008399999933317304,-0.0000019999999949504854,1
B35,RightHandThumb1,34,0.9950589537620544,-0.04276106506586075,0.0896083191037178,0,0.03893991932272911,0.9982740879058838,0.04396630823612213,0,-0.09133365750312805,-0.0402597039937973,0.9950060844421387,0,-8.910334587097168,-2.2615609169006348,5.310975074768066,1
B36,RightHandThumb2,35,0.8912801146507263,-0.4030097424983978,0.20785199105739594,0,0.22543413937091827,0.7915258407592773,0.5680371522903442,0,-0.39344504475593567,-0.459423691034317,0.7963240742683411,0,-3.1829869747161865,-1.8377079963684082,1.837699055671692,1
B37,RightHandThumb3,36,0.9700570702552795,-0.2371448576450348,0.052463311702013016,0,0.22094017267227173,0.9513148665428162,0.21490919589996338,0,-0.10087370127439499,-0.19688285887241364,0.9752241373062134,0,-2.34683895111084,-1.3549569845199585,1.3549460172653198,1
B38,RightHandThumb4,37,1,0,0,0,0,1,0,0,0,0,1,0,-1.690284013748169,-0.9758930206298828,0.9758859872817993,1
B39,RightHandIndex1,34,0.9758409857749939,-0.2151060402393341,-0.03826479613780975,0,0.21515397727489471,0.9765759110450745,-0.002909025875851512,0,0.03799419850111008,-0.0053940718062222,0.9992629885673523,0,-14.958085060119629,-0.12035000324249268,3.131014108657837,1
B40,RightHandIndex2,39,0.9026100635528564,0.4256870150566101,0.0639142096042633,0,-0.42553797364234924,0.9047880172729492,-0.01661086641252041,0,-0.06489985436201096,-0.012204788625240326,0.9978169798851013,0,-3.0580480098724365,-0.029241999611258507,-0.040456999093294144,1
B41,RightHandIndex3,40,0.9885380864143372,0.1506175547838211,0.010307328775525093,0,-0.15060944855213165,0.9885919690132141,-0.0015661943471059203,0,-0.010425646789371967,-0.0000041381445043953136,0.9999459981918335,0,-3.359930992126465,-0.03212999925017357,9.999999974752427e-7,1
B42,RightHandIndex4,41,1,0,0,0,0,1,0,0,0,0,1,0,-2.8149430751800537,-0.22099100053310394,-0.04628299921751022,1
B43,RightHandMiddle1,34,0.978268027305603,-0.2058250457048416,-0.025055015459656715,0,0.20582497119903564,0.9785849452018738,-0.002606799593195319,0,0.02505502477288246,-0.0026068014558404684,0.9996830224990845,0,-14.956117630004883,-0.0000470000013592653,9.999999974752427e-7,1
B44,RightHandMiddle2,43,0.9033750295639038,0.42570897936820984,0.051820941269397736,0,-0.4257090389728546,0.9047860503196716,-0.01159027498215437,0,-0.05182093381881714,-0.01159027311950922,0.9985889792442322,0,-4.533205032348633,-0.000018000000636675395,0.0000019999999949504854,1
B45,RightHandMiddle3,44,0.9755449295043945,0.21818998456001282,0.026560060679912567,0,-0.218189999461174,0.9759020209312439,-0.0029329382814466953,0,-0.026559952646493912,-0.0029339261818677187,0.9996430277824402,0,-2.1879329681396484,-0.000009000000318337698,0,1
B46,RightHandMiddle4,45,1,0,0,0,0,1,0,0,0,0,1,0,-3.387779951095581,-0.000012999999853491317,9.999999974752427e-7,1
B47,RightHandRing1,34,0.978268027305603,-0.2058250457048416,-0.025055015459656715,0,0.20582497119903564,0.9785849452018738,-0.002606799593195319,0,0.02505502477288246,-0.0026068014558404684,0.9996830224990845,0,-15.115920066833496,0.14191199839115143,-3.5209848880767822,1
B48,RightHandRing2,47,0.9033750295639038,0.42570897936820984,0.051820941269397736,0,-0.4257090389728546,0.9047860503196716,-0.01159027498215437,0,-0.05182093381881714,-0.01159027311950922,0.9985889792442322,0,-3.1900479793548584,-0.000009999999747378752,0,1
B49,RightHandRing3,48,0.9755449295043945,0.21818998456001282,0.026560060679912567,0,-0.218189999461174,0.9759020209312439,-0.0029329382814466953,0,-0.026559952646493912,-0.0029339261818677187,0.9996430277824402,0,-3.463987112045288,-0.000014000000192027073,0.000003000000106112566,1
B50,RightHandRing4,49,1,0,0,0,0,1,0,0,0,0,1,0,-2.1679530143737793,-0.000007000000096013537,0.0000019999999949504854,1
B51,RightHandPinky1,34,0.978268027305603,-0.2058250457048416,-0.025055015459656715,0,0.20582497119903564,0.9785849452018738,-0.002606799593195319,0,0.02505502477288246,-0.0026068014558404684,0.9996830224990845,0,-12.756232261657715,-0.19511200487613678,-5.534070014953613,1
B52,RightHandPinky2,51,0.9033750295639038,0.42570897936820984,0.051820941269397736,0,-0.4257090389728546,0.9047860503196716,-0.01159027498215437,0,-0.05182093381881714,-0.01159027311950922,0.9985889792442322,0,-2.238603115081787,-0.000007000000096013537,0.0000019999999949504854,1
B53,RightHandPinky3,52,0.9755449295043945,0.21818998456001282,0.026560060679912567,0,-0.218189999461174,0.9759020209312439,-0.0029329382814466953,0,-0.026559952646493912,-0.0029339261818677187,0.9996430277824402,0,-3.2332561016082764,-0.000011000000085914508,0.0000019999999949504854,1
B54,RightHandPinky4,53,1,0,0,0,0,1,0,0,0,0,1,0,-1.8753509521484375,-0.000007000000096013537,0.0000019999999949504854,1
B55,LeftUpLeg,0,0.9429340362548828,0.08887135237455368,-0.32090067863464355,0,-0.18801665306091309,0.9374951720237732,-0.29283463954925537,0,0.2748183012008667,0.3364585041999817,0.9007057547569275,0,11.569609642028809,-8.17413330078125,1.1669620275497437,1
B56,LeftLeg,55,0.993137001991272,0.07101692259311676,-0.0929286852478981,0,-0.049391042441129684,0.9748840928077698,0.2171686440706253,0,0.1060173362493515,-0.21108834445476532,0.9717009663581848,0,0.03919000178575516,-41.21925735473633,0.18766899406909943,1
B57,LeftFoot,56,0.9830010533332825,-0.18199186027050018,-0.02424718253314495,0,0.18162813782691956,0.98322993516922,-0.01646394282579422,0,0.026836834847927094,0.011780092492699623,0.9995700120925903,0,-0.026417000219225883,-41.41990280151367,-2.8152780532836914,1
B58,LeftToeBase,57,1,0,0,0,0,0.9999650120735168,-0.008341998793184757,0,0,0.008341998793184757,0.9999650120735168,0,0.24417400360107422,-9.691152572631836,11.83679485321045,1
B59,LeftToe_End,58,1,0,0,0,0,1,0,0,0,0,1,0,1.44343900680542,0.2108220010995865,9.304070472717285,1
B60,RightUpLeg,0,0.9781829714775085,-0.0010976310586556792,0.2077440768480301,0,0.060462333261966705,0.9582019448280334,-0.27962997555732727,0,-0.19875381886959076,0.2860899269580841,0.9373630285263062,0,-11.569609642028809,-8.174135208129883,1.1669620275497437,1
B61,RightLeg,60,0.9835730195045471,-0.1080712080001831,0.14458297193050385,0,0.08353577554225922,0.9825559258460999,0.1661500185728073,0,-0.1600169986486435,-0.1513429433107376,0.9754440784454346,0,-0.026409000158309937,-41.21926498413086,0.1882990002632141,1
B62,RightFoot,61,0.9861090183258057,0.14516513049602509,0.08072362095117569,0,-0.14581188559532166,0.9893100261688232,0.00214419630356133,0,-0.0795493945479393,-0.013884869404137135,0.9967339634895325,0,0.0393109992146492,-41.41984939575195,-2.8159079551696777,1
B63,RightToeBase,62,1,0,0,0,0,0.9999709725379944,-0.0076059987768530846,0,0,0.0076059987768530846,0.9999709725379944,0,-0.24417400360107422,-9.691152572631836,11.836795806884766,1
B64,RightToe_End,63,1,0,0,0,0,1,0,0,0,0,1,0,-1.44343900680542,0.2108220010995865,9.304070472717285,1
@52,0,1,2,3,4,5,7,8,9,10,11,12,13,15,16,17,19,20,21,23,24,25,27,28,29,31,32,33,34,35,36,37,39,40,41,43,44,45,47,48,49,51,52,53,55,56,57,58,60,61,62,63
K0,0.993494987487793,-0.02676977962255478,0.11068104207515717,0,0.00887622032314539,0.9872229695320129,0.15909916162490845,0,-0.11352596431970596,-0.15708184242248535,0.9810390472412109,0,0.16204099357128143,102.4388427734375,-4.235184192657471,1,0.9996640086174011,0.008897067047655582,0.02434326522052288,0,-0.008670932613313198,0.9999179840087891,-0.009379112161695957,0,-0.024424737319350243,0.009164889343082905,0.9996600151062012,0,0,11.38477611541748,-0.3575640022754669,1,0.9998059868812561,0.0056051635183393955,0.018865153193473816,0,-0.005311836954206228,0.9998649954795837,-0.015563112683594227,0,-0.0189498458057642,0.015459887683391571,0.9997010231018066,0,0,11.001228332519531,0.01593399979174137,1,0.9998100399971008,0.005855657160282135,0.018575629219412804,0,-0.0055663431994616985,0.9998629689216614,-0.015588676556944847,0,-0.018664371222257614,0.015482321381568909,0.9997059106826782,0,0,11.80212116241455,-1.024533987045288,1,0.9990450739860535,-0.026433933526277542,-0.03479801118373871,0,0.025130070745944977,0.9989850521087646,-0.037388093769550323,0,0.035750992596149445,0.03647790104150772,0.9986950159072876,0,0,31.637643814086914,-6.288516998291016,1,0.991038978099823,-0.018814099952578545,-0.13223794102668762,0,0.02162790112197399,0.9995689988136292,0.019874028861522675,0,0.13180707395076752,-0.022555971518158913,0.9910189509391785,0,0,15.930154800415039,3.3112568855285645,1,0.9844979643821716,-0.15024195611476898,0.09050635248422623,0,0.1463880091905594,0.9880689978599548,0.047849901020526886,0,-0.09661564230918884,-0.03385910019278526,0.9947460293769836,0,7.841245174407959,26.206689834594727,-8.211092948913574,1,0.42376214265823364,-0.8971889615058899,0.12440795451402664,0,0.5052860379219055,0.3481479287147522,0.789607048034668,0,-0.7517390251159668,-0.27174392342567444,0.6008689403533936,0,15.832416534423828,-6.441033840179443,-1.3537089824676514,1,0.8877570033073425,0.0073458789847791195,0.46025407314300537,0,-0.008399121463298798,0.9999650716781616,0.00024064180615823716,0,-0.4602358937263489,-0.0040793586522340775,0.8877869844436646,0,22.075607299804688,0.18439100682735443,-1.3487210273742676,1,0.9984350204467773,-0.046233367174863815,0.03145783394575119,0,0.05592062696814537,0.8248308300971985,-0.5626072287559509,0,0.00006383354775607586,0.5634857416152954,0.8261251449584961,0,28.159231185913086,-0.00008399999933317304,-0.0000019999999949504854,1,0.9753950238227844,0.21888203918933868,0.026385055854916573,0,-0.21888194978237152,0.9757469892501831,-0.002923067193478346,0,-0.02638494223356247,-0.0029240669682621956,0.9996479153633118,0,14.956117630004883,-0.0000470000013592653,0,1,0.9176710247993469,-0.3944860100746155,-0.04755200073122978,0,0.3944859802722931,0.9188500046730042,-0.009781967848539352,0,0.047551997005939484,-0.009781966917216778,0.998820960521698,0,4.533205032348633,-0.000018000000636675395,0.0000019999999949504854,1,0.9792299866676331,-0.20129604637622833,-0.024264995008707047,0,0.20129594206809998,0.9795269966125488,-0.002467852085828781,0,0.024265002459287643,-0.002467852085828781,0.9997029900550842,0,2.1879329681396484,-0.000009000000318337698,0,1,0.9039000272750854,0.2601030766963959,0.33957594633102417,0,-0.19298990070819855,0.956468939781189,-0.2189110666513443,0,-0.3817330598831177,0.13233891129493713,0.914749026298523,0,8.910334587097168,-2.2615609169006348,5.310975074768066,1,0.7075109481811523,0.2572176158428192,-0.658230185508728,0,-0.009168362244963646,0.9346739053726196,0.35538920760154724,0,0.7066428065299988,-0.24540682137012482,0.6636502146720886,0,3.1829869747161865,-1.8377079963684082,1.837699055671692,1,0.936173141002655,0.114863820374012,-0.33224591612815857,0,-0.06874219328165054,0.9866819381713867,0.14741933345794678,0,0.34475409984588623,-0.1151706874370575,0.9316009283065796,0,2.34683895111084,-1.3549569845199585,1.3549460172653198,1,0.9728899598121643,0.2278580218553543,0.03955807909369469,0,-0.22791098058223724,0.9736769795417786,-0.0032306520733982325,0,-0.03925292566418648,-0.005872651934623718,0.9992120265960693,0,14.958085060119629,-0.12035000324249268,3.131014108657837,1,0.9170728921890259,-0.39421024918556213,-0.05978609248995781,0,0.3940827250480652,0.9189621210098267,-0.014412947930395603,0,0.06062290444970131,-0.010342947207391262,0.9981070160865784,0,3.0580480098724365,-0.029241999611258507,-0.040456999093294144,1,0.9910159707069397,-0.13350801169872284,-0.00798321608453989,0,0.13350200653076172,0.9910479784011841,-0.0012811427004635334,0,0.008082784712314606,0.000203857256565243,0.9999669790267944,0,3.359930992126465,-0.03212999925017357,0,1,0.9754570126533508,0.2186090648174286,0.026352010667324066,0,-0.21860894560813904,0.9758080244064331,-0.002916177734732628,0,-0.026351988315582275,-0.002916177734732628,0.9996479749679565,0,15.115920066833496,0.14191199839115143,-3.5209848880767822,1,0.9177820086479187,-0.3942299485206604,-0.04752100259065628,0,0.3942301273345947,0.9189599752426147,-0.009768684394657612,0,0.047520991414785385,-0.009768684394657612,0.9988219738006592,0,3.1900479793548584,-0.000009999999747378752,0,1,0.9792299866676331,-0.20129604637622833,-0.024264995008707047,0,0.20129594206809998,0.9795269966125488,-0.002467852085828781,0,0.024265002459287643,-0.002467852085828781,0.9997029900550842,0,3.463987112045288,-0.000014000000192027073,0.000003000000106112566,1,0.9728970527648926,0.22693295776844025,-0.0444185771048069,0,-0.22727909684181213,0.9738260507583618,-0.0028357242699712515,0,0.04261242598295212,0.012854275293648243,0.9990090131759644,0,12.756232261657715,-0.19511200487613678,-5.534070014953613,1,0.9153051972389221,-0.4023866057395935,0.017362799495458603,0,0.4020863473415375,0.9154168367385864,0.018417611718177795,0,-0.023305198177695274,-0.009876389987766743,0.9996799826622009,0,2.238603115081787,-0.000007000000096013537,0.0000019999999949504854,1,0.9792299866676331,-0.20129604637622833,-0.024264995008707047,0,0.20129594206809998,0.9795269966125488,-0.002467852085828781,0,0.024265002459287643,-0.002467852085828781,0.9997029900550842,0,3.2332561016082764,-0.000011000000085914508,0.0000019999999949504854,1,0.9867780804634094,0.1594056636095047,-0.029297934845089912,0,-0.1583663523197174,0.9867630004882812,0.034923288971185684,0,0.03447706997394562,-0.029821712523698807,0.998960018157959,0,-7.841245174407959,26.206689834594727,-8.211092948913574,1,0.37532904744148254,0.9071140289306641,-0.19045408070087433,0,-0.5746800303459167,0.3889569044113159,0.7200379967689514,0,0.727234959602356,-0.1608010083436966,0.6672870516777039,0,-15.832416534423828,-6.441033840179443,-1.3537089824676514,1,0.9294670820236206,-0.007706987671554089,-0.36882495880126953,0,0.008389011956751347,0.9999650120735168,0.0002456242509651929,0,0.36881008744239807,-0.003322375938296318,0.9294989705085754,0,-22.075607299804688,0.18439100682735443,-1.3487210273742676,1,0.9510418176651001,-0.30217552185058594,0.06488414108753204,0,0.22160542011260986,0.5203849673271179,-0.8246761560440063,0,0.21543213725090027,0.798679769039154,0.5618712902069092,0,-28.159231185913086,-0.00008399999933317304,-0.0000019999999949504854,1,0.9950589537620544,-0.042761076241731644,0.089608334004879,0,0.038939930498600006,0.9982740879058838,0.04396630451083183,0,-0.09133367240428925,-0.040259700268507004,0.9950060844421387,0,-8.910334587097168,-2.2615609169006348,5.310975074768066,1,0.8912800550460815,-0.4030098021030426,0.20785190165042877,0,0.22543419897556305,0.7915257811546326,0.5680371522903442,0,-0.39344504475593567,-0.4594237208366394,0.7963240742683411,0,-3.1829869747161865,-1.8377079963684082,1.837699055671692,1,0.9700570702552795,-0.2371448278427124,0.052463315427303314,0,0.22094017267227173,0.9513148665428162,0.214909166097641,0,-0.10087369382381439,-0.19688282907009125,0.9752241373062134,0,-2.34683895111084,-1.3549569845199585,1.3549460172653198,1,0.9758409857749939,-0.2151060402393341,-0.03826479613780975,0,0.21515397727489471,0.9765759110450745,-0.0029090489260852337,0,0.037994205951690674,-0.00539404945448041,0.9992629885673523,0,-14.958085060119629,-0.12035000324249268,3.131014108657837,1,0.9026100039482117,0.4256870448589325,0.06391418725252151,0,-0.42553800344467163,0.9047880172729492,-0.016610823571681976,0,-0.06489981710910797,-0.012204822152853012,0.9978169798851013,0,-3.0580480098724365,-0.029241999611258507,-0.040456999093294144,1,0.9885380864143372,0.1506175547838211,0.010307342745363712,0,-0.15060944855213165,0.9885919690132141,-0.0015661672223359346,0,-0.010425656102597713,-0.000004167150564171607,0.9999459981918335,0,-3.359930992126465,-0.03212999925017357,0,1,0.978268027305603,-0.20582503080368042,-0.025054994970560074,0,0.20582495629787445,0.9785850048065186,-0.0026067981962114573,0,0.02505500428378582,-0.0026067981962114573,0.9996830224990845,0,-14.956117630004883,-0.0000470000013592653,0,1,0.9033750295639038,0.4257090091705322,0.05182100459933281,0,-0.425709068775177,0.9047859907150269,-0.011590288951992989,0,-0.05182099714875221,-0.011590288951992989,0.9985889792442322,0,-4.533205032348633,-0.000018000000636675395,0.0000019999999949504854,1,0.9755449295043945,0.218189999461174,0.02656005509197712,0,-0.2181900143623352,0.9759020209312439,-0.0029329315293580294,0,-0.026559943333268166,-0.0029339315369725227,0.9996430277824402,0,-2.1879329681396484,-0.000009000000318337698,0,1,0.978268027305603,-0.20582503080368042,-0.025054994970560074,0,0.20582495629787445,0.9785850048065186,-0.0026067981962114573,0,0.02505500428378582,-0.0026067981962114573,0.9996830224990845,0,-15.115920066833496,0.14191199839115143,-3.5209848880767822,1,0.9033750295639038,0.4257090091705322,0.05182100459933281,0,-0.425709068775177,0.9047859907150269,-0.011590288951992989,0,-0.05182099714875221,-0.011590288951992989,0.9985889792442322,0,-3.1900479793548584,-0.000009999999747378752,0,1,0.9755449295043945,0.218189999461174,0.02656005509197712,0,-0.2181900143623352,0.9759020209312439,-0.0029329315293580294,0,-0.026559943333268166,-0.0029339315369725227,0.9996430277824402,0,-3.463987112045288,-0.000014000000192027073,0.000003000000106112566,1,0.978268027305603,-0.20582503080368042,-0.025054994970560074,0,0.20582495629787445,0.9785850048065186,-0.0026067981962114573,0,0.02505500428378582,-0.0026067981962114573,0.9996830224990845,0,-12.756232261657715,-0.19511200487613678,-5.534070014953613,1,0.9033750295639038,0.4257090091705322,0.05182100459933281,0,-0.425709068775177,0.9047859907150269,-0.011590288951992989,0,-0.05182099714875221,-0.011590288951992989,0.9985889792442322,0,-2.238603115081787,-0.000007000000096013537,0.0000019999999949504854,1,0.9755449295043945,0.218189999461174,0.02656005509197712,0,-0.2181900143623352,0.9759020209312439,-0.0029329315293580294,0,-0.026559943333268166,-0.0029339315369725227,0.9996430277824402,0,-3.2332561016082764,-0.000011000000085914508,0.0000019999999949504854,1,0.9429340362548828,0.08887137472629547,-0.32090067863464355,0,-0.18801665306091309,0.937495231628418,-0.2928345501422882,0,0.2748183310031891,0.3364584445953369,0.9007057547569275,0,11.569609642028809,-8.17413330078125,1.1669620275497437,1,0.993137001991272,0.07101693749427795,-0.09292866289615631,0,-0.04939105734229088,0.9748840928077698,0.2171686589717865,0,0.10601732134819031,-0.2110883593559265,0.9717009663581848,0,0.03919000178575516,-41.21925735473633,0.18766899406909943,1,0.9830010533332825,-0.181991845369339,-0.024247175082564354,0,0.18162812292575836,0.98322993516922,-0.016463924199342728,0,0.026836823672056198,0.01178007572889328,0.9995700120925903,0,-0.026417000219225883,-41.41990280151367,-2.8152780532836914,1,1,0,0,0,0,0.9999650120735168,-0.008341999724507332,0,0,0.008341999724507332,0.9999650120735168,0,0.24417400360107422,-9.691152572631836,11.83679485321045,1,0.9781829714775085,-0.0010976367630064487,0.20774412155151367,0,0.06046236306428909,0.9582019448280334,-0.27963000535964966,0,-0.19875386357307434,0.2860899865627289,0.9373630285263062,0,-11.569609642028809,-8.174135208129883,1.1669620275497437,1,0.9835730195045471,-0.1080712154507637,0.14458298683166504,0,0.08353578299283981,0.9825559258460999,0.1661500334739685,0,-0.1600170135498047,-0.1513429582118988,0.9754440188407898,0,-0.026409000158309937,-41.21926498413086,0.1882990002632141,1,0.9861090183258057,0.14516513049602509,0.0807236060500145,0,-0.14581188559532166,0.9893100261688232,0.002144163940101862,0,-0.0795493870973587,-0.013884834945201874,0.9967339634895325,0,0.0393109992146492,-41.41984939575195,-2.8159079551696777,1,1,0,0,0,0,0.9999709725379944,-0.0076060001738369465,0,0,0.0076060001738369465,0.9999709725379944,0,-0.24417400360107422,-9.691152572631836,11.836795806884766,1
